
Normal run with medium weigh train - up to max speed then regulator closed, mid (neutral) gear and apply brakes.   

5.40 56 14 13 0.00 0.00 14 0 0
5.40 56 14 13 0.00 0.00 14 0 0
5.40 56 14 13 0.00 0.00 14 0 0
5.40 56 14 13 0.00 0.00 14 0 0
5.40 56 14 13 0.00 0.00 14 0 0
5.40 56 14 13 0.00 0.00 14 0 0
5.40 56 14 13 0.00 0.00 14 0 0
5.40 56 14 13 0.00 0.00 14 0 0
5.40 56 14 13 0.00 0.00 14 0 0
5.40 56 14 13 0.00 0.00 14 0 0
5.40 56 14 13 0.00 0.00 14 0 0
5.40 56 14 13 0.00 0.00 14 0 0
5.40 56 14 13 0.00 0.00 14 0 0
5.40 56 14 13 0.00 0.00 14 0 0
5.40 56 14 13 0.00 0.00 14 0 0
5.40 56 14 13 0.00 0.00 14 0 0
5.40 56 14 13 0.00 0.00 14 0 0
5.40 56 14 13 0.00 0.00 14 0 0
5.60 56 14 13 0.00 0.00 14 0 0
5.60 56 14 13 0.00 0.00 14 0 0
5.60 56 14 13 0.00 0.00 14 0 0
5.60 56 14 13 0.00 0.00 14 0 0
5.60 56 14 13 0.00 0.00 14 0 0
5.60 56 14 13 0.00 0.00 14 0 0
5.60 56 14 13 0.00 0.00 14 0 0
5.40 56 14 13 0.00 0.00 14 0 0
5.60 56 14 13 0.00 0.00 14 0 0
5.60 56 14 13 0.00 0.00 14 0 0
5.60 56 14 13 0.00 0.00 14 0 0
5.40 56 14 13 0.00 0.00 14 0 0
5.60 56 14 13 0.00 0.00 14 0 0
5.60 56 14 13 0.00 0.00 14 0 0
5.40 56 14 13 0.00 0.00 14 0 0
5.40 56 14 13 0.00 0.00 14 0 0
5.40 56 14 13 24.00 11.38 14 0 0
5.40 56 14 13 35.00 13.75 14 0 0
5.60 56 14 13 52.50 17.15 14 0 0
5.60 56 14 13 69.50 19.73 14 0 0
5.40 56 14 13 88.00 21.80 14 0 0
5.60 56 14 13 104.50 24.19 14 0 0
5.40 56 14 13 123.00 25.77 14 0 0
5.40 56 14 13 144.00 27.89 14 0 0
5.40 56 14 13 159.50 29.35 14 0 0
5.40 56 14 13 169.50 30.25 14 0 0
5.40 56 14 13 183.00 31.44 14 0 0
5.40 56 14 13 194.50 32.41 14 0 0
5.60 56 14 13 205.00 33.88 14 0 0
5.60 56 14 13 212.50 34.50 14 0 0
5.60 56 14 13 215.50 34.74 14 0 0
5.40 56 14 13 216.00 34.15 14 0 0
5.40 56 14 13 216.50 34.19 14 0 0
5.40 56 14 13 217.00 34.23 14 0 0
5.60 56 14 13 218.00 34.94 14 0 0
5.40 56 14 13 218.50 34.35 14 0 0
5.40 56 14 13 218.50 34.35 14 0 0
5.60 56 14 13 218.50 34.98 14 0 0
5.60 56 14 13 218.50 34.98 14 0 0
5.60 56 14 13 218.50 34.98 14 0 0
5.40 56 14 13 218.50 34.35 14 0 0
5.40 56 14 13 218.50 34.35 14 0 0
5.60 56 14 13 218.50 34.98 14 0 0
5.40 56 14 13 218.50 34.35 14 0 0
5.40 56 14 13 218.50 34.35 14 0 0
5.40 56 14 13 218.50 34.35 14 0 0
5.60 56⸮5.40 56 14 13 218.50 34.35 14 0 0
5.40 56 14 13 218.50 34.35 14 0 0
5.60 56 14 13 218.50 34.98 14 0 0
5.60 56 14 13 218.50 34.98 14 0 0
5.40 56 14 13 218.50 34.35 14 0 0
5.40 56 14 13 218.50 34.35 14 0 0
5.40 56 14 13 218.50 34.35 14 0 0
5.40 56 14 13 218.50 34.35 14 0 0
5.40 56 14 13 218.50 34.35 14 0 0
5.40 56 14 13 218.50 34.35 14 0 0
5.40 56 14 13 218.50 34.35 14 0 0
5.40 56 14 13 218.50 34.35 14 0 0
5.40 56 14 13 218.50 34.35 14 0 0
5.60 56 14 13 218.50 34.98 14 0 0
5.40 56 14 13 218.50 34.35 14 0 0
5.40 56 14 13 218.50 34.35 14 0 0
5.60 56 14 13 218.50 34.98 14 0 0
5.40 56 14 13 218.50 34.35 14 0 0
5.40 56 14 13 218.50 34.35 14 0 0
5.40 56 14 13 218.50 34.35 14 0 0
5.40 56 14 13 218.50 34.35 14 0 0
5.40 56 14 13 218.50 34.35 14 0 0
5.40 56 14 13 218.50 34.35 14 0 0
5.60 56 14 13 218.50 34.98 14 0 0
5.40 56 14 13 218.50 34.35 14 0 0
5.60 56 14 13 218.50 34.98 14 0 0
5.60 56 14 13 218.50 34.98 14 0 0
5.60 56 14 13 218.50 34.98 14 0 0
5.60 56 14 13 218.50 34.98 14 0 0
5.60 56 14 13 218.50 34.98 14 0 0
5.60 56 14 13 218.50 34.98 14 0 0
6.20 56 14 13 218.50 36.81 14 0 0
12.20 56 14 13 218.50 51.63 14 0 0
20.80 56 14 13 218.50 67.42 14 0 0
30.00 56 14 13 218.50 80.96 14 1 1
40.40 56 14 13 218.50 93.95 14 1 2
50.40 56 14 13 218.50 104.94 14 1 3
60.80 56 14 13 218.50 115.26 14 1 4
64.60 56 14 13 218.50 118.81 14 1 5
67.60 56 14 13 218.50 121.53 14 1 6
67.80 56 14 13 218.50 121.71 14 1 7
68.00 56 14 13 218.50 121.89 14 1 8
68.00 56 14 13 218.50 121.89 14 1 9
68.20 56 14 13 218.50 122.07 14 1 10
68.20 56 14 13 218.50 122.07 14 1 11
68.20 56 14 13 218.50 122.07 14 1 12
68.40 56 14 13 218.50 122.25 14 1 13
71.00 56 14 13 218.50 124.55 14 1 14
74.00 56 14 13 218.50 127.16 14 1 15
75.60 56 14 13 218.50 128.52 14 1 16
77.00 56 14 13 218.50 129.71 14 1 17
79.00 56 14 13 218.50 131.38 14 1 18
80.80 56 14 13 218.50 132.87 14 1 19
82.40 56 14 13 218.50 134.18 14 1 20
84.80 56 14 13 218.50 136.12 14 1 21
86.20 56 14 13 218.50 137.24 14 1 22
88.40 56 14 13 218.50 138.98 14 1 23
89.40 56 14 13 218.50 139.76 14 1 24
89.80 56 14 13 218.50 140.08 14 1 25
91.20 56 14 13 218.50 141.16 14 1 26
91.40 56 14 13 218.50 141.32 14 1 27
92.00 56 14 13 218.50 141.78 14 1 28
93.40 56 14 13 218.50 142.86 14 1 29
94.60 56 14 13 218.50 143.77 14 1 30
95.20 56 14 13 218.50 144.23 14 2 32
95.80 56 14 13 218.00 144.51 14 2 34
96.80 56 14 13 218.50 145.43 14 2 36
98.20 56 14 13 218.50 146.48 14 2 38
99.40 56 14 13 218.00 147.20 14 2 40
100.60 56 14 13 218.50 148.26 14 2 42
101.40 56 14 13 218.50 148.85 14 2 44
103.00 56 14 13 218.50 150.02 14 2 46
103.00 56 14 13 217.00 149.50 14 2 48
103.40 53 13 13 218.50 150.31 13 2 50
105.80 56 14 13 218.50 152.04 14 2 52
105.80 56 14 13 218.50 152.04 14 2 54
106.80 56 14 13 218.50 152.76 14 2 56
108.40 56 14 13 218.50 153.90 14 2 58
109.60 56 14 13 218.50 154.75 14 2 60
110.60 56 14 13 218.50 155.45 14 2 62
111.60 56 14 13 218.50 156.16 14 2 64
112.80 56 14 13 218.50 156.99 14 2 66
114.00 56 14 13 218.50 157.83 14 2 68
115.00 56 14 13 218.50 158.52 14 2 70
116.20 56 14 13 218.50 159.34 14 2 72
117.80 56 14 13 218.50 160.43 14 2 74
119.20 56 14 13 218.50 161.39 14 2 76
120.80 54 13 13 218.50 162.46 13 2 78
121.80 56 14 13 218.50 163.14 14 2 80
123.20 56 14 13 219.00 164.26 14 2 82
124.20 55 13 13 218.50 164.74 13 2 84
125.00 56 14 13 218.50 165.26 14 2 86
125.00 56 14 13 218.50 165.26 14 2 88
125.00 56 14 13 218.50 165.26 14 2 90
125.20 56 14 13 218.50 165.40 14 2 92
125.00 56 14 13 218.50 165.26 14 2 94
125.00 56 14 13 218.50 165.26 14 2 96
125.00 56 14 13 219.00 165.45 14 2 98
125.00 56 14 13 218.50 165.26 14 2 100
125.20 56 14 13 218.50 165.40 14 2 102
125.20 56 14 13 218.50 165.40 14 2 104
125.20 56 14 13 218.50 165.40 14 2 106
125.20 56 14 13 218.50 165.40 14 2 108
125.20 56 14 13 218.50 165.40 14 2 110
125.20 56 14 13 218.50 165.40 14 2 112
125.20 56 14 13 218.50 165.40 14 2 114
125.20 53 13 13 218.50 165.40 13 2 116
125.20 56 14 13 218.50 165.40 14 2 118
125.20 56 14 13 218.50 165.40 14 2 120
125.20 56 14 13 218.50 165.40 14 2 122
125.60 56 14 13 218.50 165.66 14 2 124
127.00 56 14 13 218.50 166.58 14 2 126
127.60 56 14 13 218.50 166.97 14 2 128
127.80 56 14 13 218.50 167.11 14 2 130
127.80 55 13 13 218.50 167.11 13 2 132
128.20 56 14 13 218.50 167.37 14 2 134
128.00 56 14 13 218.50 167.24 14 2 136
127.80 56 14 13 218.50 167.11 14 2 138
128.00 56 14 13 218.50 167.24 14 2 140
128.00 56 14 13 218.50 167.24 14 2 142
128.00 56 14 13 218.50 167.24 14 2 144
128.60 56 14 13 218.50 167.63 14 2 146
128.60 56 14 13 218.50 167.63 14 2 148
128.60 56 14 13 218.50 167.63 14 2 150
128.40 56 14 13 218.50 167.50 14 2 152
128.60 56 14 13 218.50 167.63 14 2 154
128.40 56 14 13 218.50 167.50 14 2 156
128.40 55 13 13 218.50 167.50 13 2 158
128.40 56 14 13 218.50 167.50 14 2 160
128.40 56 14 13 218.50 167.50 14 2 162
128.60 56 14 13 218.50 167.63 14 2 164
128.60 56 14 13 218.50 167.63 14 2 166
128.20 56 14 13 218.50 167.37 14 2 168
128.40 56 14 13 218.50 167.50 14 2 170
128.40 56 14 13 218.50 167.50 14 2 172
128.60 56 14 13 218.50 167.63 14 2 174
128.60 56 14 13 218.50 167.63 14 2 176
128.40 56 14 13 218.50 167.50 14 2 178
128.60 56 14 13 218.50 167.63 14 2 180
128.40 56 14 13 218.50 167.50 14 2 182
128.20 54 13 13 218.50 167.37 13 2 184
128.20 56 14 13 218.50 167.37 14 2 186
128.40 56 14 13 218.50 167.50 14 2 188
128.20 55 13 13 218.50 167.37 13 2 190
128.20 56 14 13 218.50 167.37 14 2 192
128.00 56 14 13 218.50 167.24 14 2 194
125.40 56 14 13 218.50 165.53 14 2 196
121.60 56 14 13 218.00 162.82 14 2 198
114.80 56 14 13 218.50 158.38 14 2 200
104.00 56 14 13 218.50 150.74 14 2 202
92.20 56 14 13 218.50 141.94 14 1 203
82.60 55 13 13 218.50 134.34 13 1 204
69.40 56 14 13 218.50 123.14 14 1 205
53.80 56 14 13 218.00 108.30 14 1 206
37.80 56 14 13 218.50 90.88 14 1 207
25.00 56 14 13 218.50 73.91 14 0 207
12.20 56 14 13 218.50 51.63 14 0 207
1.40 56 14 13 218.50 17.49 14 0 207
0.00 56 14 13 218.50 0.00 14 0 207
0.00 56 14 13 218.50 0.00 14 0 207
0.00 56 14 13 218.50 0.00 14 0 207
0.00 56 14 13 218.50 0.00 14 0 207
0.00 56 14 13 218.50 0.00 14 0 207
0.00 56 14 13 218.50 0.00 14 0 207
0.00 56 14 13 218.50 0.00 14 0 207
0.00 56 14 13 218.50 0.00 14 0 207
0.00 56 14 13 218.50 0.00 14 0 207
0.00 56 14 13 218.50 0.00 14 0 207
0.00 56 14 13 218.50 0.00 14 0 207
0.00 56 14 13 218.50 0.00 14 0 207
0.00 56 14 13 218.50 0.00 14 0 207
0.00 56 14 13 218.50 0.00 14 0 207
0.00 56 14 13 218.50 0.00 14 0 207
0.00 56 14 13 218.00 0.00 14 0 207
0.00 56 14 13 218.50 0.00 14 0 207
0.00 56 14 13 218.50 0.00 14 0 207
0.00 56 14 13 218.50 0.00 14 0 207
0.00 56 14 13 218.50 0.00 14 0 207
0.00 56 14 13 218.50 0.00 14 0 207
0.00 56 14 13 218.50 0.00 14 0 207
0.00 56 14 13 218.50 0.00 14 0 207
0.00 56 14 13 218.50 0.00 14 0 207
0.00 55 13 13 218.50 0.00 13 0 207
0.00 56 14 13 218.50 0.00 14 0 207
0.00 56 14 13 218.50 0.00 14 0 207
0.00 56 14 13 218.50 0.00 14 0 207
0.00 56 14 13 218.50 0.00 14 0 207
0.00 56 14 13 218.50 0.00 14 0 207
0.00 56 14 13 218.50 0.00 14 0 207
0.00 56 14 13 218.50 0.00 14 0 207
0.00 56 14 13 218.50 0.00 14 0 207
0.00 56 14 13 218.50 0.00 14 0 207
0.00 56 14 13 218.50 0.00 14 0 207
0.00 56 14 13 218.50 0.00 14 0 207
0.00 56 14 13 218.50 0.00 14 0 207
0.00 56 14 13 218.50 0.00 14 0 207
0.00 56 14 13 218.50 0.00 14 0 207
0.00 56 14 13 218.50 0.00 14 0 207
0.00 56 14 13 218.50 0.00 14 0 207
0.00 56 14 13 218.50 0.00 14 0 207
0.00 56 14 13 218.50 0.00 14 0 207
0.20 56 14 13 218.50 6.61 14 0 207
3.80 56 14 13 218.50 28.81 14 0 207
4.80 56 14 13 218.50 32.39 14 0 207
6.80 56 14 13 218.50 38.55 14 0 207
7.40 56 14 13 218.50 40.21 14 0 207
8.60 56 14 13 218.50 43.35 14 0 207
10.80 56 14 13 218.50 48.58 14 0 207
13.20 56 14 13 218.50 53.70 14 0 207
13.40 56 14 13 218.50 54.11 14 0 207
13.40 56 14 13 218.50 54.11 14 0 207
13.40 56 14 13 218.50 54.11 14 0 207
13.40 56 14 13 218.50 54.11 14 0 207
13.40 56 14 13 218.50 54.11 14 0 207
13.40 56 14 13 218.50 54.11 14 0 207
13.40 56 14 13 218.50 54.11 14 0 207
13.40 57 14 13 216.00 53.80 14 0 207
13.40 57 14 13 191.50 50.66 14 0 207
13.40 57 14 13 169.00 47.59 14 0 207
13.40 57 14 13 146.50 44.31 14 0 207
13.40 58 14 13 128.50 41.50 14 0 207
13.40 58 14 13 108.50 38.13 14 0 207
13.40 58 14 13 77.00 32.12 14 0 207
13.40 58 14 13 63.00 29.06 14 0 207
13.40 58 14 13 58.00 27.88 14 0 207
13.40 58 14 13 55.00 27.15 14 0 207
13.40 58 14 13 46.00 24.83 14 0 207
13.40 57 14 13 37.50 22.42 14 0 207
13.40 58 14 13 32.00 20.71 14 0 207
13.40 57 14 13 26.50 18.84 14 0 207
13.40 58 14 13 23.50 17.75 14 0 207
13.40 58 14 13 21.00 16.77 14 0 207
13.40 58 14 13 20.50 16.57 14 0 207
13.40 58 14 13 20.50 16.57 14 0 207
13.40 58 14 13 20.50 16.57 14 0 207
13.40 58 14 13 20.50 16.57 14 0 207
13.40 58 14 13 20.50 16.57 14 0 207
13.20 58 14 13 20.50 16.45 14 0 207
13.40 58 14 13 20.50 16.57 14 0 207
13.40 58 14 13 20.00 16.37 14 0 207
13.40 58 14 13 20.50 16.57 14 0 207
13.40 58 14 13 20.50 16.57 14 0 207
13.40 58 14 13 20.50 16.57 14 0 207
13.40 58 14 13 20.50 16.57 14 0 207
13.40 58 14 13 20.50 16.57 14 0 207
13.40 58 14 13 0.00 0.00 14 0 207
13.40 58 14 13 20.50 16.57 14 0 207
13.40 58 14 13 20.50 16.57 14 0 207
13.40 58 14 13 21.00 16.77 14 0 207
13.40 58 14 13 20.50 16.57 14 0 207
13.40 58 14 13 21.00 16.77 14 0 207
13.40 58 14 13 21.00 16.77 14 0 207
13.40 58 14 13 21.00 16.77 14 0 207
13.40 58 14 13 21.00 16.77 14 0 207
13.20 58 14 13 21.00 16.65 14 0 207
13.40 58 14 13 21.00 16.77 14 0 207
13.40 58 14 13 21.00 16.77 14 0 207
13.40 58 14 13 21.00 16.77 14 0 207
13.40 58 14 13 21.00 16.77 14 0 207
13.40 58 14 13 21.00 16.77 14 0 207
13.40 58 14 13 21.00 16.77 14 0 207
13.40 58 14 13 21.00 16.77 14 0 207
13.40 58 14 13 21.50 16.97 14 0 207
13.40 58 14 13 22.00 17.17 14 0 207
13.40 58 14 13 22.00 17.17 14 0 207
13.40 58 14 13 22.50 17.36 14 0 207
13.40 58 14 13 24.50 18.12 14 0 207
13.40 58 14 13 27.00 19.02 14 0 207
13.40 58 14 13 28.00 19.37 14 0 207
13.40 58 14 13 29.50 19.88 14 0 207
13.40 58 14 13 31.50 20.55 14 0 207
13.40 58 14 13 33.50 21.19 14 0 207
13.40 58 14 13 36.00 21.96 14 0 207
13.40 58 14 13 41.50 23.58 14 0 207
13.40 58 14 13 46.50 24.96 14 0 207
13.40 58 14 13 51.00 26.14 14 0 207
13.40 59 14 13 54.00 26.90 14 0 207
13.40 66 16 13 57.00 27.64 16 0 207
13.40 74 18 13 61.50 28.71 18 0 207
13.40 75 18 13 62.00 28.82 18 0 207
13.40 75 18 13 65.00 29.51 18 0 207
13.40 75 18 13 68.00 30.19 18 0 207
13.40 76 19 13 72.50 31.17 19 0 207
13.40 82 20 13 77.00 32.12 20 0 207
13.40 99 24 13 81.50 33.05 24 0 207
13.40 121 30 13 85.50 33.85 30 0 207
13.40 130 32 13 88.50 34.44 32 0 207
13.40 153 38 13 93.50 35.40 38 0 207
13.40 202 50 13 99.00 36.42 50 0 207
13.40 242 60 13 101.00 36.79 60 0 207
13.40 277 69 13 103.00 37.15 69 0 207
13.40 307 76 13 104.50 37.42 76 0 207
13.40 330 82 13 106.50 37.78 82 0 207
13.40 338 84 13 108.00 38.04 84 0 207
13.40 340 85 13 109.50 38.31 85 0 207
13.40 339 84 13 109.50 38.31 84 0 207
13.40 340 85 13 110.00 38.39 85 0 207
13.40 341 85 13 111.00 38.57 85 0 207
13.40 340 85 13 112.00 38.74 85 0 207
13.40 340 85 13 113.00 38.91 85 0 207
13.40 340 85 13 114.00 39.08 85 0 207
13.40 340 85 13 114.50 39.17 85 0 207
13.40 340 85 13 115.50 39.34 85 0 207
13.40 343 85 13 117.00 39.60 85 0 207
13.40 349 87 13 118.50 39.85 87 0 207
13.40 355 88 13 120.50 40.18 88 0 207
13.40 363 90 13 121.50 40.35 90 0 207
13.40 375 93 13 123.00 40.60 93 0 207
13.40 389 97 13 123.00 40.60 97 0 207
13.40 400 100 13 123.50 40.68 100 0 207
13.40 409 102 13 124.00 40.76 102 0 207
13.40 417 104 13 125.50 41.01 104 0 207
13.40 431 107 13 127.00 41.25 107 -1 206
13.40 438 109 13 128.50 41.50 109 -1 205
13.40 438 109 13 129.50 41.66 109 -1 204
13.40 443 110 13 130.50 41.82 110 -1 203
13.40 450 112 13 131.50 41.98 112 -1 202
13.40 457 114 13 132.50 42.14 114 -1 201
13.60 457 114 13 133.50 42.61 114 -1 200
13.40 458 114 13 134.50 42.45 114 -1 199
13.40 458 114 13 135.00 42.53 114 -1 198
13.40 459 114 13 135.00 42.53 114 -1 197
13.20 461 115 13 135.00 42.21 115 -1 196
13.40 473 118 13 135.00 42.53 118 -1 195
13.40 480 120 13 135.50 42.61 120 -1 194
13.40 481 120 13 136.00 42.69 120 -1 193
13.20 489 122 13 137.00 42.53 122 -1 192
13.40 496 124 13 137.50 42.92 124 -1 191
13.40 497 124 13 138.50 43.08 124 -1 190
13.40 503 125 13 138.50 43.08 125 -1 189
13.40 506 126 13 139.00 43.16 126 -1 188
13.20 508 127 13 139.50 42.91 127 -1 187
13.40 516 129 13 140.00 43.31 129 -1 186
13.40 526 131 13 140.50 43.39 131 -1 185
13.40 531 132 13 141.00 43.47 132 -1 184
13.40 533 133 13 141.00 43.47 133 -1 183
13.20 538 134 13 142.50 43.37 134 -1 182
13.40 543 135 13 144.00 43.93 135 -1 181
13.40 551 137 13 144.50 44.00 137 -1 180
13.20 558 139 13 146.00 43.90 139 -1 179
13.40 568 142 13 147.50 44.46 142 -1 178
13.40 580 145 13 149.00 44.68 145 -1 177
13.40 589 147 13 149.50 44.76 147 -1 176
13.40 591 147 13 151.00 44.98 147 -1 175
13.20 597 149 13 151.00 44.65 149 -1 174
13.40 601 150 13 151.50 45.06 150 -1 173
13.20 604 151 13 152.50 44.87 151 -1 172
13.40 611 152 13 152.00 45.13 152 -1 171
13.40 620 155 13 153.00 45.28 155 -1 170
13.20 628 157 13 153.00 44.94 157 -1 169
13.40 639 159 13 153.00 45.28 159 -1 168
13.40 644 161 13 153.50 45.35 161 -1 167
13.40 650 162 13 154.50 45.50 162 -1 166
13.40 659 164 13 155.00 45.57 164 -1 165
13.00 669 167 13 155.50 44.96 167 -1 164
13.20 678 169 13 156.50 45.45 169 -1 163
13.40 683 170 13 156.50 45.79 170 -1 162
13.40 688 172 13 157.50 45.94 172 -1 161
13.40 692 173 13 157.50 45.94 173 -1 160
13.40 698 174 13 161.00 46.45 174 -1 159
13.40 707 176 13 160.50 46.38 176 -1 158
13.40 713 178 13 161.50 46.52 178 -2 156
13.40 721 180 13 163.00 46.74 180 -2 154
13.40 730 182 13 163.50 46.81 182 -2 152
13.40 740 185 13 165.00 47.02 185 -2 150
13.00 755 188 13 165.00 46.31 188 -2 148
13.40 768 192 13 165.50 47.09 192 -2 146
13.40 776 194 13 165.50 47.09 194 -2 144
13.40 779 194 13 166.00 47.16 194 -2 142
13.40 788 197 13 166.00 47.16 197 -2 140
13.40 798 199 13 166.00 47.16 199 -2 138
13.40 809 202 13 166.50 47.23 202 -2 136
13.20 816 204 13 166.50 46.88 204 -2 134
13.40 821 205 13 166.50 47.23 205 -2 132
13.60 823 205 13 166.50 47.59 205 -2 130
13.40 828 207 13 166.50 47.23 207 -2 128
13.40 835 208 13 166.50 47.23 208 -2 126
13.40 839 209 13 166.50 47.23 209 -2 124
13.40 848 212 13 166.50 47.23 212 -2 122
13.40 856 214 13 167.00 47.31 214 -2 120
13.40 863 215 13 167.00 47.31 215 -2 118
13.40 870 217 13 167.00 47.31 217 -2 116
13.40 876 219 13 167.00 47.31 219 -2 114
13.40 884 221 13 167.00 47.31 221 -2 112
13.40 897 224 13 167.50 47.38 224 -2 110
13.40 905 226 13 167.50 47.38 226 -2 108
13.40 911 227 13 167.00 47.31 227 -2 106
13.40 920 230 13 167.50 47.38 230 -2 104
13.40 927 231 13 167.50 47.38 231 -2 102
13.40 936 234 13 168.00 47.45 234 -2 100
13.40 945 236 13 167.50 47.38 236 -2 98
13.40 953 238 13 167.50 47.38 238 -2 96
13.40 959 239 13 167.50 47.38 239 -2 94
13.40 966 241 13 167.50 47.38 241 -2 92
13.40 979 244 13 167.50 47.38 244 -3 89
12.80 993 248 13 167.50 46.30 248 -3 86
13.40 1003 250 13 167.50 47.38 250 -3 83
13.40 1013 253 13 168.50 47.52 253 -3 80
13.40 1023 255 13 167.50 47.38 255 -3 77
13.40 1023 255 13 167.50 47.38 255 -3 74
13.40 1023 255 13 168.00 47.45 255 -3 71
13.40 1023 255 13 168.00 47.45 255 -3 68
13.60 1023 255 13 168.00 47.80 255 -3 65
13.40 1023 255 13 168.00 47.45 255 -3 62
13.40 1023 255 13 168.50 47.52 255 -3 59
13.40 1023 255 13 168.50 47.52 255 -3 56
13.40 1023 255 13 169.00 47.59 255 -3 53
13.40 1023 255 13 169.00 47.59 255 -3 50
13.40 1023 255 13 169.00 47.59 255 -3 47
13.40 1023 255 13 169.00 47.59 255 -3 44
13.40 1023 255 13 169.00 47.59 255 -3 41
13.40 1023 255 13 171.50 47.94 255 -3 38
13.40 1023 255 13 169.50 47.66 255 -3 35
13.40 1023 255 13 169.00 47.59 255 -3 32
13.20 1023 255 13 170.00 47.37 255 -3 29
13.40 1023 255 13 171.00 47.87 255 -3 26
13.40 1023 255 13 172.50 48.08 255 -3 23
13.40 1023 255 13 174.50 48.36 255 -3 20
13.40 1023 255 13 177.50 48.77 255 -3 17
13.40 1023 255 13 179.50 49.04 255 -3 14
13.40 1023 255 13 180.50 49.18 255 -3 11
14.40 1023 255 13 181.50 51.12 255 -3 8
13.40 1023 255 13 183.00 49.52 255 -3 5
13.40 1023 255 13 185.00 49.79 255 -3 2
13.40 1023 255 13 186.00 49.92 255 -3 0
13.40 1023 255 13 186.50 49.99 255 -3 0
13.40 1023 255 13 187.50 50.12 255 -3 0
13.40 1023 255 13 187.50 50.12 255 -3 0
13.40 1023 255 13 188.00 50.19 255 -3 0
13.40 1023 255 13 188.00 50.19 255 -3 0
13.40 1023 255 13 188.00 50.19 255 -3 0
13.40 1023 255 13 188.00 50.19 255 -3 0
13.40 1023 255 13 188.00 50.19 255 -3 0
13.40 1023 255 13 188.50 50.26 255 -3 0
13.40 1023 255 13 189.50 50.39 255 -3 0
13.40 1023 255 13 191.00 50.59 255 -3 0
13.40 1023 255 13 192.50 50.79 255 -3 0
13.40 1023 255 13 193.00 50.85 255 -3 0
13.40 1023 255 13 193.50 50.92 255 -3 0
13.40 1023 255 13 193.50 50.92 255 -3 0
13.40 1023 255 13 193.50 50.92 255 -3 0
13.40 1023 255 13 193.50 50.92 255 -3 0
13.40 1023 255 13 193.50 50.92 255 -3 0
13.40 1023 255 13 193.50 50.92 255 -3 0
13.40 1023 255 13 194.00 50.99 255 -3 0
13.40 1023 255 13 195.00 51.12 255 -3 0
13.40 1023 255 13 195.50 51.18 255 -3 0
13.40 1023 255 13 196.50 51.31 255 -3 0
13.40 1023 255 13 198.50 51.57 255 -3 0
13.40 1023 255 13 200.00 51.77 255 -3 0
13.40 1023 255 13 201.50 51.96 255 -3 0
13.40 1023 255 13 202.00 52.03 255 -3 0
13.40 1023 255 13 204.00 52.28 255 -3 0
13.40 1000 250 13 205.50 52.48 250 -3 0
13.40 956 239 13 207.00 52.67 239 -2 0
13.40 899 224 13 209.50 52.98 224 -2 0
13.40 836 209 13 210.50 53.11 209 -2 0
13.40 751 187 13 211.00 53.17 187 -2 0
13.40 670 167 13 212.00 53.30 167 -1 0
13.40 609 152 13 213.00 53.42 152 -1 0
13.20 552 138 13 214.50 53.21 138 -1 0
13.40 496 124 13 214.50 53.61 124 -1 0
13.40 434 108 13 214.50 53.61 108 0 0
13.40 389 97 13 216.00 53.80 97 0 0
13.40 353 88 13 216.50 53.86 88 0 0
13.40 322 80 13 217.00 53.92 80 0 0
13.40 287 71 13 217.50 53.99 71 0 0
13.00 271 67 13 218.00 53.24 67 0 0
13.40 261 65 13 219.00 54.17 65 0 0
13.40 245 61 13 220.00 54.30 61 0 0
13.40 237 59 13 221.50 54.48 59 0 0
13.40 233 58 13 224.00 54.79 58 0 0
13.40 226 56 13 225.50 54.97 56 0 0
13.40 216 54 13 226.00 55.03 54 0 0
13.40 215 53 13 226.50 55.09 53 0 0
13.40 213 53 13 226.50 55.09 53 0 0
13.40 212 53 13 226.00 55.03 53 0 0
13.40 212 53 13 226.50 55.09 53 0 0
13.40 212 53 13 227.00 55.15 53 0 0
13.40 212 53 13 229.00 55.39 53 0 0
13.40 213 53 13 231.00 55.64 53 0 0
13.40 213 53 13 240.50 56.77 53 0 0
13.40 212 53 13 244.00 57.18 53 0 0
13.40 212 53 13 255.50 58.51 53 0 0
13.40 212 53 13 255.50 58.51 53 0 0
13.40 212 53 13 255.50 58.51 53 0 0
13.40 214 53 13 255.50 58.51 53 0 0
13.60 212 53 13 255.50 58.95 53 0 0
13.40 212 53 13 255.50 58.51 53 0 0
13.40 212 53 13 255.50 58.51 53 0 0
13.40 212 53 13 255.50 58.51 53 0 0
13.40 212 53 13 255.50 58.51 53 0 0
13.40 211 52 13 255.50 58.51 52 0 0
13.20 212 53 13 255.50 58.07 53 0 0
13.40 212 53 13 255.50 58.51 53 0 0
13.40 212 53 13 255.50 58.51 53 0 0
13.40 212 53 13 255.50 58.51 53 0 0
13.40 212 53 13 255.50 58.51 53 0 0
13.40 212 53 13 255.50 58.51 53 0 0
13.40 212 53 13 255.50 58.51 53 0 0
13.40 212 53 13 255.50 58.51 53 0 0
13.40 212 53 13 255.50 58.51 53 0 0
13.40 211 52 13 255.50 58.51 52 0 0


Light engine run and stop


18.40 57 14 10 0.00 0.00 14 0 0
18.20 60 15 10 0.00 0.00 15 0 0
18.40 61 15 10 0.00 0.00 15 0 0
18.40 59 14 10 0.00 0.00 14 0 0
18.40 60 15 10 20.50 19.42 15 0 0
18.40 59 14 10 25.50 21.66 14 0 0
18.20 60 15 10 34.00 24.88 15 0 0
18.20 60 15 10 47.00 29.25 15 0 0
18.40 57 14 10 59.00 32.95 14 0 0
18.40 57 14 10 71.50 36.27 14 0 0
18.20 58 14 10 81.50 38.51 14 0 0
18.20 60 15 10 91.50 40.81 15 0 0
18.40 59 14 10 104.50 43.85 14 0 0
18.40 60 15 10 115.50 46.10 15 0 0
18.40 58 14 10 124.50 47.86 14 0 0
18.40 57 14 10 135.50 49.93 14 0 0
18.40 59 14 10 143.50 51.38 14 0 0
18.20 59 14 10 149.50 52.16 14 0 0
18.40 57 14 10 149.50 52.45 14 0 0
18.40 58 14 10 149.50 52.45 14 0 0
18.20 60 15 10 149.50 52.16 15 0 0
18.40 57 14 10 149.50 52.45 14 0 0
18.40 60 15 10 149.50 52.45 15 0 0
18.40 59 14 10 149.50 52.45 14 0 0
18.40 60 15 10 149.50 52.45 15 0 0
18.40 60 15 10 149.50 52.45 15 0 0
18.20 60 15 10 149.50 52.16 15 0 0
18.40 56 14 10 149.50 52.45 14 0 0
18.40 57 14 10 149.50 52.45 14 0 0
18.40 58 14 10 149.50 52.45 14 0 0
18.20 60 15 10 149.50 52.16 15 0 0
18.20 59 14 10 150.00 52.25 14 0 0
18.40 60 15 10 154.50 53.32 15 0 0
18.40 58 14 10 165.00 55.10 14 0 0
18.40 60 15 10 174.00 56.58 15 0 0
18.20 57 14 10 174.50 56.36 14 0 0
18.40 60 15 10 174.50 56.66 15 0 0
18.40 60 15 10 174.00 56.58 15 0 0
18.40 58 14 10 174.50 56.66 14 0 0
18.40 57 14 10 174.50 56.66 14 0 0
18.40 59 14 10 174.50 56.66 14 0 0
18.40 56 14 10 174.50 56.66 14 0 0
19.60 57 14 10 174.50 58.48 14 0 0
24.80 50 12 10 174.50 65.78 12 1 1
32.60 53 13 10 174.00 75.32 13 1 2
40.40 55 13 10 174.50 83.96 13 1 3
46.20 55 13 10 174.50 89.79 13 1 4
48.40 55 13 10 174.50 91.90 13 1 5
52.00 59 14 10 174.00 95.12 14 1 6
57.40 59 14 10 174.00 99.94 14 1 7
63.40 48 12 10 174.50 105.18 12 1 8
69.60 51 12 10 174.00 110.05 12 1 9
75.60 53 13 10 174.00 114.69 13 2 11
83.80 55 13 10 174.00 120.75 13 2 13
89.40 56 14 10 174.00 124.72 14 2 15
95.40 60 15 10 174.00 128.84 15 2 17
100.40 57 14 10 174.50 132.36 14 2 19
102.60 57 14 10 174.50 133.80 14 2 21
105.40 57 14 10 174.50 135.62 14 2 23
111.40 58 14 10 174.50 139.42 14 2 25
116.00 58 14 10 174.50 142.27 14 2 27
118.20 58 14 10 174.50 143.62 14 2 29
121.40 56 14 10 174.50 145.55 14 2 31
124.40 57 14 10 174.50 147.34 14 2 33
126.60 59 14 10 174.50 148.63 14 2 35
129.40 57 14 10 174.50 150.27 14 2 37
132.20 57 14 10 174.50 151.88 14 2 39
138.40 63 15 10 174.50 155.41 15 2 41
144.80 57 14 10 174.50 158.96 14 2 43
150.20 57 14 10 174.50 161.89 14 2 45
154.60 59 14 10 174.50 164.25 14 3 48
158.60 57 14 10 174.00 166.12 14 3 51
161.60 57 14 10 174.50 167.93 14 3 54
167.80 58 14 10 174.50 171.12 14 3 57
174.20 57 14 10 173.00 173.60 14 3 60
179.60 55 13 10 174.00 176.78 13 3 63
185.20 57 14 10 174.50 179.77 14 3 66
191.20 60 15 10 174.00 182.40 15 3 69
198.60 58 14 10 174.50 186.16 14 3 72
204.60 52 13 10 174.50 188.95 13 3 75
204.60 51 12 10 174.50 188.95 12 3 78
204.60 51 12 10 174.50 188.95 12 3 81
204.60 48 12 10 174.00 188.68 12 3 84
204.60 50 12 10 174.50 188.95 12 3 87
204.60 48 12 10 174.00 188.68 12 3 90
204.60 48 12 10 174.50 188.95 12 3 93
204.60 52 13 10 174.50 188.95 13 3 96
204.60 51 12 10 174.50 188.95 12 3 99
204.60 50 12 10 175.00 189.22 12 3 102
204.60 52 13 10 174.50 188.95 13 3 105
204.60 52 13 10 174.50 188.95 13 3 108
204.60 48 12 10 174.50 188.95 12 3 111
204.60 51 12 10 174.50 188.95 12 3 114
204.60 51 12 10 174.50 188.95 12 3 117
204.60 51 12 10 174.50 188.95 12 3 120
204.60 51 12 10 174.50 188.95 12 3 123
204.60 50 12 10 174.50 188.95 12 3 126
204.60 52 13 10 174.50 188.95 13 3 129
204.60 52 13 10 173.50 188.41 13 3 132
204.60 52 13 10 174.50 188.95 13 3 135
204.60 52 13 10 174.50 188.95 13 3 138
204.60 52 13 10 173.50 188.41 13 3 141
204.60 48 12 10 174.00 188.68 12 3 144
204.60 52 13 10 174.50 188.95 13 3 147
204.60 48 12 10 173.50 188.41 12 3 150
204.60 50 12 10 174.00 188.68 12 3 153
204.60 48 12 10 174.50 188.95 12 3 156
204.60 51 12 10 174.00 188.68 12 3 159
204.60 51 12 10 174.00 188.68 12 3 162
204.60 50 12 10 174.50 188.95 12 3 165
204.60 52 13 10 174.00 188.68 13 3 168
204.60 50 12 10 174.50 188.95 12 3 171
204.60 51 12 10 174.50 188.95 12 3 174
204.60 52 13 10 174.50 188.95 13 3 177
204.60 48 12 10 174.50 188.95 12 3 180
204.60 52 13 10 174.50 188.95 13 3 183
204.60 51 12 10 174.50 188.95 12 3 186
204.60 51 12 10 174.50 188.95 12 3 189
204.60 48 12 10 174.50 188.95 12 3 192
204.60 51 12 10 174.50 188.95 12 3 195
204.60 51 12 10 174.50 188.95 12 3 198
204.60 50 12 10 174.50 188.95 12 3 201
204.60 50 12 10 174.50 188.95 12 3 204
204.60 52 13 10 174.50 188.95 13 3 207
204.60 51 12 10 174.50 188.95 12 3 210
204.60 51 12 10 174.50 188.95 12 3 213
204.60 51 12 10 174.50 188.95 12 3 216
204.60 51 12 10 174.50 188.95 12 3 219
204.60 52 13 10 174.50 188.95 13 3 222
204.60 52 13 10 174.50 188.95 13 3 225
204.60 52 13 10 174.50 188.95 13 3 228
204.60 51 12 10 174.50 188.95 12 3 231
204.60 48 12 10 174.50 188.95 12 3 234
204.60 51 12 10 174.50 188.95 12 3 237
204.60 52 13 10 174.50 188.95 13 3 240
204.60 50 12 10 174.50 188.95 12 3 243
204.60 52 13 10 174.50 188.95 13 3 246
204.60 51 12 10 174.50 188.95 12 3 249
204.60 51 12 10 174.50 188.95 12 3 252
204.60 50 12 10 174.50 188.95 12 3 255
204.60 51 12 10 174.50 188.95 12 3 255
204.60 50 12 10 174.50 188.95 12 3 255
204.60 50 12 10 174.50 188.95 12 3 255
204.60 52 13 10 174.50 188.95 13 3 255
204.60 51 12 10 174.50 188.95 12 3 255
204.60 51 12 10 174.50 188.95 12 3 255
204.60 52 13 10 174.50 188.95 13 3 255
204.60 51 12 10 174.50 188.95 12 3 255
204.60 51 12 10 174.50 188.95 12 3 255
204.60 51 12 10 174.50 188.95 12 3 255
204.60 51 12 10 174.50 188.95 12 3 255
204.60 52 13 10 174.50 188.95 13 3 255
204.60 51 12 10 174.50 188.95 12 3 255
204.60 50 12 10 174.50 188.95 12 3 255
204.60 51 12 10 174.50 188.95 12 3 255
204.60 50 12 10 174.50 188.95 12 3 255
204.60 50 12 10 174.50 188.95 12 3 255
203.20 52 13 10 174.50 188.30 13 3 255
196.60 59 14 10 174.50 185.22 14 3 255
189.40 57 14 10 174.50 181.80 14 3 255
184.60 57 14 10 174.50 179.48 14 3 255
178.40 57 14 10 174.50 176.44 14 3 255
169.80 56 14 10 174.50 172.13 14 3 255
163.00 57 14 10 174.50 168.65 14 3 255
155.60 57 14 10 174.50 164.78 14 3 255
149.80 57 14 10 174.50 161.68 14 2 255
145.80 57 14 10 174.50 159.51 14 2 255
142.20 57 14 10 174.50 157.52 14 2 255
135.40 57 14 10 174.50 153.71 14 2 255
124.00 57 14 10 174.50 147.10 14 2 255
112.80 57 14 10 174.50 140.30 14 2 255
102.00 57 14 10 174.50 133.41 14 2 255
87.80 55 13 10 174.50 123.78 13 2 255
72.60 52 13 10 174.00 112.39 13 1 255
58.00 59 14 10 174.00 100.46 14 1 255
47.00 55 13 10 174.00 90.43 13 1 255
35.60 52 13 10 174.50 78.82 13 1 255
23.40 48 12 10 174.50 63.90 12 1 255
13.00 60 15 10 174.00 47.56 15 0 255
3.80 53 13 10 173.50 25.68 13 0 255
0.00 55 13 10 174.00 0.00 13 0 255
0.00 55 13 10 173.50 0.00 13 0 255
0.00 55 13 10 174.00 0.00 13 0 255
0.00 55 13 10 174.00 0.00 13 0 255
0.00 55 13 10 174.00 0.00 13 0 255
0.00 55 13 10 173.50 0.00 13 0 255
0.00 55 13 10 173.50 0.00 13 0 255
0.00 55 13 10 174.00 0.00 13 0 255
0.00 55 13 10 174.00 0.00 13 0 255
0.00 55 13 10 174.00 0.00 13 0 255
0.00 55 13 10 174.00 0.00 13 0 255
0.00 55 13 10 173.50 0.00 13 0 255
0.00 54 13 10 174.00 0.00 13 0 255
0.00 55 13 10 174.00 0.00 13 0 255
0.00 55 13 10 174.50 0.00 13 0 255
0.00 55 13 10 173.50 0.00 13 0 255
0.00 55 13 10 173.50 0.00 13 0 255
0.00 55 13 10 174.00 0.00 13 0 255
0.00 55 13 10 174.00 0.00 13 0 255
0.00 55 13 10 173.50 0.00 13 0 255
0.00 55 13 10 173.50 0.00 13 0 255
0.00 55 13 10 173.50 0.00 13 0 255
0.00 55 13 10 174.00 0.00 13 0 255
0.00 55 13 10 173.50 0.00 13 0 255
0.00 55 13 10 174.00 0.00 13 0 255
0.00 55 13 10 173.50 0.00 13 0 255
0.00 56 14 10 173.50 0.00 14 0 255
0.00 54 13 10 173.50 0.00 13 0 255
0.00 55 13 10 171.00 0.00 13 0 255
0.00 55 13 10 164.00 0.00 13 0 255
0.00 55 13 10 161.50 0.00 13 0 255
0.00 55 13 10 159.50 0.00 13 0 255
0.00 55 13 10 157.00 0.00 13 0 255
0.00 56 14 10 149.00 0.00 14 0 255
0.00 55 13 10 137.50 0.00 13 0 255
0.00 55 13 10 129.50 0.00 13 0 255
0.00 54 13 10 121.50 0.00 13 0 255
0.00 55 13 10 111.50 0.00 13 0 255
0.00 56 14 10 105.50 0.00 14 0 255
0.00 55 13 10 98.50 0.00 13 0 255
0.00 55 13 10 89.00 0.00 13 0 255
0.00 56 14 10 79.50 0.00 14 0 255
0.00 55 13 10 70.50 0.00 13 0 255
0.00 55 13 10 63.50 0.00 13 0 255
0.00 55 13 10 59.50 0.00 13 0 255
0.00 56 14 10 55.00 0.00 14 0 255
0.00 55 13 10 50.00 0.00 13 0 255
0.00 55 13 10 45.50 0.00 13 0 255
0.00 55 13 10 39.00 0.00 13 0 255
0.00 55 13 10 34.00 0.00 13 0 255
0.00 55 13 10 29.50 0.00 13 0 255
0.00 55 13 10 23.00 0.00 13 0 255
0.00 55 13 10 0.00 0.00 13 0 255
0.00 55 13 10 0.00 0.00 13 0 255
0.00 55 13 10 0.00 0.00 13 0 255
0.00 55 13 10 0.00 0.00 13 0 255
0.00 55 13 10 0.00 0.00 13 0 255
0.00 54 13 10 0.00 0.00 13 0 255
0.00 55 13 10 0.00 0.00 13 0 255
0.00 56 14 10 0.00 0.00 14 0 255
0.00 55 13 10 0.00 0.00 13 0 255
0.00 55 13 10 0.00 0.00 13 0 255
0.00 55 13 10 0.00 0.00 13 0 255
0.00 55 13 10 0.00 0.00 13 0 255
0.00 55 13 10 0.00 0.00 13 0 255
0.00 55 13 10 0.00 0.00 13 0 255
0.00 54 13 10 0.00 0.00 13 0 255
0.00 55 13 10 0.00 0.00 13 0 255
0.00 55 13 10 0.00 0.00 13 0 255
0.00 54 13 10 0.00 0.00 13 0 255
0.00 55 13 10 0.00 0.00 13 0 255
0.00 54 13 10 0.00 0.00 13 0 255
0.00 55 13 10 0.00 0.00 13 0 255
0.00 55 13 10 0.00 0.00 13 0 255
0.00 55 13 10 0.00 0.00 13 0 255
0.00 55 13 10 0.00 0.00 13 0 255
0.00 55 13 10 0.00 0.00 13 0 255
0.00 55 13 10 0.00 0.00 13 0 255
0.00 55 13 10 0.00 0.00 13 0 255
0.00 55 13 10 0.00 0.00 13 0 255
0.00 55 13 10 0.00 0.00 13 0 255
0.00 56 14 10 0.00 0.00 14 0 255
0.00 56 14 10 0.00 0.00 14 0 255
0.00 56 14 10 0.00 0.00 14 0 255
0.00 56 14 10 0.00 0.00 14 0 255
0.00 56 14 10 0.00 0.00 14 0 255
0.00 56 14 10 0.00 0.00 14 0 255
0.00 56 14 10 0.00 0.00 14 0 255
0.00 59 14 10 0.00 0.00 14 0 255
0.00 66 16 10 0.00 0.00 16 0 255
0.00 72 18 10 0.00 0.00 18 0 255
0.00 76 19 10 0.00 0.00 19 0 255
0.00 92 23 10 0.00 0.00 23 0 255
0.00 119 29 10 0.00 0.00 29 0 255
0.00 153 38 10 0.00 0.00 38 0 255
0.00 212 53 10 0.00 0.00 53 -1 254
0.00 285 71 10 0.00 0.00 71 -1 253
0.00 368 92 10 0.00 0.00 92 -1 252
0.00 447 111 10 0.00 0.00 111 -2 250
0.00 524 131 10 0.00 0.00 131 -2 248
0.00 589 147 10 0.00 0.00 147 -2 246
0.00 655 163 10 0.00 0.00 163 -3 243
0.00 717 179 10 0.00 0.00 179 -3 240
0.00 801 200 10 0.00 0.00 200 -4 236
0.00 894 223 10 0.00 0.00 223 -4 232
0.00 996 249 10 0.00 0.00 249 -4 228
0.00 1023 255 10 0.00 0.00 255 -5 223
0.00 1023 255 10 0.00 0.00 255 -5 218
0.00 1023 255 10 0.00 0.00 255 -5 213
0.00 1023 255 10 0.00 0.00 255 -5 208
0.00 1023 255 10 0.00 0.00 255 -5 203
0.00 1023 255 10 0.00 0.00 255 -5 198
0.00 1023 255 10 0.00 0.00 255 -5 193
0.00 1023 255 10 0.00 0.00 255 -5 188
0.00 1023 255 10 0.00 0.00 255 -5 183
0.00 1023 255 10 0.00 0.00 255 -5 178
0.00 1023 255 10 0.00 0.00 255 -5 173
0.00 1023 255 10 0.00 0.00 255 -5 168
0.00 1023 255 10 0.00 0.00 255 -5 163
0.00 1023 255 10 0.00 0.00 255 -5 158
0.00 1023 255 10 0.00 0.00 255 -5 153
0.00 1023 255 10 0.00 0.00 255 -5 148
0.00 1023 255 10 0.00 0.00 255 -5 143
0.00 1023 255 10 0.00 0.00 255 -5 138
0.00 1023 255 10 0.00 0.00 255 -5 133
0.00 1023 255 10 0.00 0.00 255 -5 128
0.00 1023 255 10 0.00 0.00 255 -5 123
0.00 1023 255 10 0.00 0.00 255 -5 118
0.00 1023 255 10 0.00 0.00 255 -5 113
0.00 1023 255 10 0.00 0.00 255 -5 108
0.00 1023 255 10 0.00 0.00 255 -5 103
0.00 1023 255 10 0.00 0.00 255 -5 98
0.00 1023 255 10 0.00 0.00 255 -5 93
0.00 1023 255 10 0.00 0.00 255 -5 88
0.00 1023 255 10 0.00 0.00 255 -5 83
0.00 1023 255 10 0.00 0.00 255 -5 78
0.00 1023 255 10 0.00 0.00 255 -5 73
0.00 1023 255 10 0.00 0.00 255 -5 68
0.00 1023 255 10 0.00 0.00 255 -5 63
0.00 1023 255 10 0.00 0.00 255 -5 58
0.00 1023 255 10 0.00 0.00 255 -5 53
0.00 1023 255 10 0.00 0.00 255 -5 48
0.00 1023 255 10 0.00 0.00 255 -5 43
0.00 1023 255 10 0.00 0.00 255 -5 38
0.00 1023 255 10 0.00 0.00 255 -5 33
0.00 1023 255 10 0.00 0.00 255 -5 28
0.00 1023 255 10 0.00 0.00 255 -5 23
0.00 1023 255 10 0.00 0.00 255 -5 18
0.00 1023 255 10 0.00 0.00 255 -5 13
0.00 1023 255 10 0.00 0.00 255 -5 8
0.00 1023 255 10 0.00 0.00 255 -5 3
0.00 1023 255 10 0.00 0.00 255 -5 0
0.00 1023 255 10 0.00 0.00 255 -5 0
0.00 1023 255 10 0.00 0.00 255 -5 0
0.00 1023 255 10 0.00 0.00 255 -5 0
0.00 1023 255 10 0.00 0.00 255 -5 0
0.00 1023 255 10 0.00 0.00 255 -5 0
0.00 1023 255 10 0.00 0.00 255 -5 0
0.00 1023 255 10 0.00 0.00 255 -5 0
0.00 1023 255 10 0.00 0.00 255 -5 0
0.00 1023 255 10 0.00 0.00 255 -5 0
0.00 1023 255 10 0.00 0.00 255 -5 0
0.00 1023 255 10 0.00 0.00 255 -5 0
0.00 1023 255 10 0.00 0.00 255 -5 0
0.00 1023 255 10 0.00 0.00 255 -5 0
0.00 994 248 10 0.00 0.00 248 -4 0
0.00 932 233 10 0.00 0.00 233 -4 0
0.00 854 213 10 0.00 0.00 213 -4 0
0.00 779 194 10 0.00 0.00 194 -3 0
0.00 707 176 10 0.00 0.00 176 -3 0
0.00 636 159 10 0.00 0.00 159 -3 0
0.00 565 141 10 0.00 0.00 141 -2 0
0.00 494 123 10 0.00 0.00 123 -2 0


Heavy train too much regulator provoking wheelslip

0 10 0 0
0.00 40 10 20 182.00 0.00 10 0 0
0.00 40 10 20 198.50 0.00 10 0 0
0.00 40 10 20 212.50 0.00 10 0 0
0.00 40 10 20 234.50 0.00 10 0 0
0.00 40 10 20 239.50 0.00 10 0 0
0.00 40 10 20 242.00 0.00 10 0 0
0.00 40 10 20 242.00 0.00 10 0 0
0.00 40 10 20 242.00 0.00 10 0 0
0.00 40 10 20 242.00 0.00 10 0 0
0.00 40 10 20 242.00 0.00 10 0 0
0.00 40 10 20 242.00 0.00 10 0 0
0.00 40 10 20 242.00 0.00 10 0 0
0.00 40 10 20 241.50 0.00 10 0 0
0.00 40 10 20 242.00 0.00 10 0 0
0.00 40 10 20 242.00 0.00 10 0 0
0.00 40 10 20 242.00 0.00 10 0 0
0.00 40 10 20 242.00 0.00 10 0 0
0.00 40 10 20 242.00 0.00 10 0 0
2.40 40 10 20 242.00 24.10 10 0 0
10.00 40 10 20 242.00 49.19 10 0 0
21.60 40 10 20 241.50 72.22 10 0 0
34.20 40 10 20 242.00 90.97 10 0 0
44.00 40 10 20 242.00 103.19 10 0 0
50.20 40 10 20 242.00 110.22 10 1 1
52.00 40 10 20 242.00 112.18 10 1 2
54.80 40 10 20 242.00 115.16 10 1 3
57.40 40 10 20 242.00 117.86 10 1 4
57.80 40 10 20 242.00 118.27 10 1 5
57.80 40 10 20 242.00 118.27 10 1 6
57.80 40 10 20 242.00 118.27 10 1 7
58.00 40 10 20 242.00 118.47 10 1 8
58.20 40 10 20 242.50 118.80 10 1 9
58.40 40 10 20 241.50 118.76 10 1 10
58.60 40 10 20 242.00 119.08 10 1 11
59.20 40 10 20 242.00 119.69 10 1 12
59.40 34 8 20 241.50 119.77 8 1 13
59.80 40 10 20 242.00 120.30 10 1 14
60.80 40 10 20 242.00 121.30 10 1 15
61.20 40 10 20 242.00 121.70 10 1 16
61.20 40 10 20 242.00 121.70 10 1 17
61.40 40 10 20 242.00 121.90 10 1 18
61.60 40 10 20 241.50 121.97 10 1 19
61.60 41 10 20 242.00 122.10 10 1 20
62.00 40 10 20 241.50 122.36 10 1 21
63.60 40 10 20 242.00 124.06 10 1 22
64.20 40 10 20 242.00 124.65 10 1 23
65.40 40 10 20 242.00 125.80 10 1 24
71.40 40 10 20 242.00 131.45 10 1 25
79.60 40 10 20 242.00 138.79 10 1 26
91.00 40 10 20 242.00 148.40 10 1 27
101.00 40 10 20 242.00 0.00 50 0 27
110.20 40 10 20 242.00 0.00 50 0 27
116.60 40 10 20 242.00 0.00 50 0 27
121.60 40 10 20 242.00 0.00 50 0 27
125.00 40 10 20 242.00 0.00 50 0 27
126.80 40 10 20 242.00 0.00 50 0 27
127.20 40 10 20 242.00 0.00 50 0 27
127.20 40 10 20 242.00 0.00 50 0 27
127.40 40 10 20 242.00 0.00 50 0 27
127.80 40 10 20 242.00 0.00 50 0 27
127.80 40 10 20 242.00 0.00 50 0 27
127.80 40 10 20 242.00 0.00 50 0 27
128.00 40 10 20 242.00 0.00 50 0 27
128.00 40 10 20 242.00 0.00 50 0 27
128.00 40 10 20 242.00 0.00 50 0 27
128.00 40 10 20 241.50 0.00 50 0 27
128.00 40 10 20 241.50 0.00 50 0 27
128.00 40 10 20 242.00 0.00 50 0 27
128.00 40 10 20 241.50 0.00 50 0 27
128.00 40 10 20 242.00 0.00 50 0 27
128.00 40 10 20 242.00 0.00 50 0 27
128.00 40 10 20 242.00 0.00 50 0 27
128.00 40 10 20 241.50 0.00 50 0 27
128.00 40 10 20 242.00 0.00 50 0 27
128.00 40 10 20 242.00 0.00 50 0 27
128.00 40 10 20 242.50 0.00 50 0 27
126.40 40 10 20 242.00 0.00 50 0 27
121.80 40 10 20 242.00 0.00 50 0 27
118.40 40 10 20 242.00 0.00 50 0 27
112.80 40 10 20 242.00 0.00 50 0 27
106.20 40 10 20 241.50 0.00 50 0 27
102.20 40 10 20 242.00 0.00 50 0 27
98.00 40 10 20 242.00 154.00 10 1 28
97.80 40 10 20 242.00 153.84 10 1 29
98.00 40 10 20 242.00 154.00 10 1 30
97.80 40 10 20 242.00 153.84 10 1 31
97.60 40 10 20 242.00 153.69 10 1 32
97.20 40 10 20 242.00 153.37 10 1 33
97.60 40 10 20 242.00 153.69 10 1 34
97.60 40 10 20 242.00 153.69 10 1 35
97.60 40 10 20 241.50 153.53 10 1 36
97.80 40 10 20 242.00 153.84 10 1 37
97.60 40 10 20 242.00 153.69 10 1 38
97.60 40 10 20 242.00 153.69 10 1 39
97.60 40 10 20 242.00 153.69 10 1 40
97.60 40 10 20 242.00 153.69 10 1 41
97.40 40 10 20 242.00 153.53 10 1 42
97.80 40 10 20 242.00 153.84 10 1 43
97.60 40 10 20 242.00 153.69 10 1 44
97.60 40 10 20 242.00 153.69 10 1 45
97.60 40 10 20 241.50 153.53 10 1 46
97.60 40 10 20 242.00 153.69 10 1 47
97.60 40 10 20 241.50 153.53 10 1 48
97.60 40 10 20 241.50 153.53 10 1 49
97.60 40 10 20 242.00 153.69 10 1 50
97.60 40 10 20 242.00 153.69 10 1 51
97.80 40 10 20 241.50 153.68 10 1 52
97.60 40 10 20 242.00 153.69 10 1 53
97.60 40 10 20 242.00 153.69 10 1 54
97.80 40 10 20 242.00 153.84 10 1 55
97.80 40 10 20 242.00 153.84 10 1 56
97.60 40 10 20 242.00 153.69 10 1 57
97.60 40 10 20 242.00 153.69 10 1 58
97.80 40 10 20 242.00 153.84 10 1 59
98.40 40 10 20 242.00 154.31 10 1 60
100.40 40 10 20 242.00 155.87 10 1 61
103.20 40 10 20 242.00 158.03 10 1 62
105.40 40 10 20 242.00 159.71 10 1 63
107.00 40 10 20 241.50 160.75 10 1 64
108.60 40 10 20 242.00 162.11 10 1 65
108.80 40 10 20 242.00 162.26 10 1 66
109.00 40 10 20 241.50 162.25 10 1 67
110.00 40 10 20 242.00 163.16 10 1 68
111.40 40 10 20 242.00 164.19 10 1 69
113.60 40 10 20 242.00 165.80 10 1 70
115.80 40 10 20 242.00 167.40 10 1 71
121.20 40 10 20 242.00 171.26 10 1 72
124.00 40 10 20 242.00 173.23 10 1 73
125.40 40 10 20 242.00 174.20 10 1 74
126.80 40 10 20 241.50 174.99 10 1 75
130.60 40 10 20 243.00 178.15 10 1 76
133.60 40 10 20 242.00 179.81 10 1 77
138.20 40 10 20 241.50 182.69 10 1 78
142.20 40 10 20 242.00 185.51 10 1 79
145.20 40 10 20 241.50 187.26 10 1 80
147.20 40 10 20 242.00 188.74 10 1 81
149.20 40 10 20 242.00 190.02 10 1 82
151.80 40 10 20 242.00 191.67 10 1 83
153.80 40 10 20 242.00 192.92 10 1 84
154.60 40 10 20 242.00 193.42 10 1 85
154.60 40 10 20 242.00 193.42 10 1 86
154.60 40 10 20 242.00 193.42 10 1 87
154.80 40 10 20 242.00 193.55 10 1 88
155.80 40 10 20 242.00 194.17 10 1 89
156.60 40 10 20 242.00 194.67 10 1 90
156.60 40 10 20 241.50 194.47 10 1 91
156.60 40 10 20 242.00 194.67 10 1 92
156.60 40 10 20 242.00 194.67 10 1 93
156.60 40 10 20 242.00 194.67 10 1 94
157.20 40 10 20 242.00 195.04 10 1 95
157.80 40 10 20 242.00 195.42 10 1 96
158.00 40 10 20 242.00 195.54 10 1 97
158.00 40 10 20 242.00 195.54 10 1 98
158.00 40 10 20 242.00 195.54 10 1 99
158.20 40 10 20 242.00 195.66 10 1 100
158.60 40 10 20 242.00 195.91 10 1 101
158.80 40 10 20 242.00 196.03 10 1 102
161.60 40 10 20 242.00 197.76 10 1 103
162.60 40 10 20 241.50 198.16 10 1 104
163.00 40 10 20 241.50 198.40 10 1 105
163.60 40 10 20 242.00 198.98 10 1 106
163.60 40 10 20 241.50 198.77 10 1 107
163.60 40 10 20 241.50 198.77 10 1 108
163.60 40 10 20 242.00 198.98 10 1 109
163.60 40 10 20 241.50 198.77 10 1 110
163.60 40 10 20 242.00 198.98 10 1 111
163.40 40 10 20 242.00 198.85 10 1 112
163.60 40 10 20 242.00 198.98 10 1 113
163.60 40 10 20 242.00 198.98 10 1 114
163.60 40 10 20 242.00 198.98 10 1 115
163.60 40 10 20 242.00 198.98 10 1 116
163.60 40 10 20 242.00 198.98 10 1 117
163.40 40 10 20 242.00 198.85 10 1 118
163.60 40 10 20 242.00 198.98 10 1 119
163.60 40 10 20 242.00 198.98 10 1 120
163.60 40 10 20 242.00 198.98 10 1 121
163.60 40 10 20 242.00 198.98 10 1 122
163.60 40 10 20 242.00 198.98 10 1 123
163.60 40 10 20 242.00 198.98 10 1 124
163.60 40 10 20 242.00 198.98 10 1 125
163.60 40 10 20 242.00 198.98 10 1 126
163.60 40 10 20 242.00 198.98 10 1 127
163.60 40 10 20 241.50 198.77 10 1 128
163.60 40 10 20 242.00 198.98 10 1 129
163.80 40 10 20 242.00 199.10 10 1 130
163.60 40 10 20 241.50 198.77 10 1 131
163.60 40 10 20 242.00 198.98 10 1 132
163.80 40 10 20 242.00 199.10 10 1 133
163.80 40 10 20 242.00 199.10 10 1 134
164.00 40 10 20 242.00 199.22 10 1 135
164.00 40 10 20 242.00 199.22 10 1 136
164.00 40 10 20 242.00 199.22 10 1 137
164.20 40 10 20 242.00 199.34 10 1 138
164.20 40 10 20 241.50 199.13 10 1 139
164.20 40 10 20 241.50 199.13 10 1 140
164.00 40 10 20 242.00 199.22 10 1 141
164.20 40 10 20 242.00 199.34 10 1 142
164.20 40 10 20 242.00 199.34 10 1 143
164.00 40 10 20 242.00 199.22 10 1 144
164.20 40 10 20 241.50 199.13 10 1 145
164.20 40 10 20 242.00 199.34 10 1 146
164.40 40 10 20 242.00 199.46 10 1 147
164.40 40 10 20 242.00 199.46 10 1 148
164.40 40 10 20 242.00 199.46 10 1 149
164.40 40 10 20 242.00 199.46 10 1 150
164.40 40 10 20 242.00 199.46 10 1 151
164.40 40 10 20 242.00 199.46 10 1 152
164.40 40 10 20 242.00 199.46 10 1 153
164.40 40 10 20 242.00 199.46 10 1 154
164.20 40 10 20 242.00 199.34 10 1 155
160.60 40 10 20 242.00 197.14 10 1 156
154.20 40 10 20 242.00 193.17 10 1 157
143.20 40 10 20 242.00 186.16 10 1 158
129.00 40 10 20 242.00 176.69 10 1 159
107.40 40 10 20 242.00 161.22 10 1 160
79.60 40 10 20 242.00 138.79 10 1 161
58.00 40 10 20 242.00 118.47 10 1 162
36.20 40 10 20 242.00 93.60 10 0 162
19.40 40 10 20 242.00 68.52 10 0 162
1.00 40 10 20 242.00 15.56 10 0 162
0.00 40 10 20 242.00 0.00 10 0 162
0.00 40 10 20 242.00 0.00 10 0 162
0.00 40 10 20 242.00 0.00 10 0 162
0.00 40 10 20 242.00 0.00 10 0 162
0.00 40 10 20 242.00 0.00 10 0 162
0.00 40 10 20 241.50 0.00 10 0 162
0.00 40 10 20 242.00 0.00 10 0 162
0.00 40 10 20 242.00 0.00 10 0 162
0.00 40 10 20 241.50 0.00 10 0 162
0.00 40 10 20 242.00 0.00 10 0 162
0.00 40 10 20 241.50 0.00 10 0 162
0.00 40 10 20 241.50 0.00 10 0 162
0.00 40 10 20 241.50 0.00 10 0 162
0.00 40 10 20 242.00 0.00 10 0 162
0.00 40 10 20 242.00 0.00 10 0 162
0.00 40 10 20 242.00 0.00 10 0 162
0.00 40 10 20 242.00 0.00 10 0 162
0.00 40 10 20 242.00 0.00 10 0 162
0.00 40 10 20 242.00 0.00 10 0 162
0.00 40 10 20 242.00 0.00 10 0 162
0.00 40 10 20 242.00 0.00 10 0 162
0.00 40 10 20 241.50 0.00 10 0 162
0.00 40 10 20 242.00 0.00 10 0 162
0.00 40 10 20 241.00 0.00 10 0 162
0.00 40 10 20 235.00 0.00 10 0 162
0.00 40 10 20 228.50 0.00 10 0 162
0.00 40 10 20 218.50 0.00 10 0 162
0.00 40 10 20 199.00 0.00 10 0 162
0.00 40 10 20 170.00 0.00 10 0 162
0.00 40 10 20 135.50 0.00 10 0 162
0.00 40 10 20 109.50 0.00 10 0 162
0.00 40 10 20 87.50 0.00 10 0 162
0.00 40 10 20 74.00 0.00 10 0 162
0.00 40 10 20 52.00 0.00 10 0 162
0.00 40 10 20 38.50 0.00 10 0 162
0.00 40 10 20 31.50 0.00 10 0 162
0.00 40 10 20 28.00 0.00 10 0 162
0.00 40 10 20 0.00 0.00 10 0 162
0.00 40 10 20 0.00 0.00 10 0 162
0.00 40 10 20 0.00 0.00 10 0 162
0.00 40 10 20 0.00 0.00 10 0 162
0.00 40 10 20 0.00 0.00 10 0 162
0.00 40 10 20 0.00 0.00 10 0 162
0.00 40 10 20 0.00 0.00 10 0 162
0.00 40 10 20 0.00 0.00 10 0 162
0.00 40 10 20 0.00 0.00 10 0 162
0.00 40 10 20 0.00 0.00 10 0 162
0.00 40 10 20 0.00 0.00 10 0 162
0.00 40 10 20 0.00 0.00 10 0 162
0.00 40 10 20 0.00 0.00 10 0 162
0.00 40 10 20 0.00 0.00 10 0 162
0.00 40 10 20 0.00 0.00 10 0 162
0.00 40 10 20 0.00 0.00 10 0 162
0.00 40 10 20 0.00 0.00 10 0 162
0.00 40 10 20 0.00 0.00 10 0 162
0.00 41 10 20 0.00 0.00 10 0 162
0.00 43 10 20 0.00 0.00 10 0 162
0.00 44 11 20 0.00 0.00 11 0 162
0.00 44 11 20 0.00 0.00 11 0 162
0.00 45 11 20 0.00 0.00 11 0 162
0.00 50 12 20 0.00 0.00 12 0 162
0.00 69 17 20 0.00 0.00 17 0 162
0.00 89 22 20 0.00 0.00 22 0 162
0.00 98 24 20 0.00 0.00 24 0 162
0.00 98 24 20 0.00 0.00 24 0 162
0.00 98 24 20 512.00 0.00 24 0 162
0.00 106 26 20 0.00 0.00 26 0 162
0.00 128 32 20 0.00 0.00 32 0 162
0.00 178 44 20 0.00 0.00 44 0 162
0.00 303 75 20 0.00 0.00 75 0 162
0.00 474 118 20 0.00 0.00 118 -1 161
0.00 656 164 20 0.00 0.00 164 -1 160
0.00 825 206 20 0.00 0.00 206 -2 158
0.00 975 243 20 0.00 0.00 243 -2 156
0.00 1023 255 20 0.00 0.00 255 -2 154
0.00 1023 255 20 0.00 0.00 255 -2 152
0.00 1023 255 20 0.00 0.00 255 -2 150
0.00 1023 255 20 0.00 0.00 255 -2 148
0.00 1023 255 20 0.00 0.00 255 -2 146
0.00 1023 255 20 0.00 0.00 255 -2 144
0.00 1023 255 20 0.00 0.00 255 -2 142
0.00 1023 255 20 0.00 0.00 255 -2 140
0.00 1023 255 20 0.00 0.00 255 -2 138
0.00 1023 255 20 0.00 0.00 255 -2 136
0.00 1023 255 20 0.00 0.00 255 -2 134
0.00 1023 255 20 0.00 0.00 255 -2 132
0.00 1023 255 20 0.00 0.00 255 -2 130
0.00 1023 255 20 0.00 0.00 255 -2 128
0.00 1023 255 20 0.00 0.00 255 -2 126
0.00 1023 255 20 0.00 0.00 255 -2 124
0.00 1023 255 20 0.00 0.00 255 -2 122
0.00 1023 255 20 0.00 0.00 255 -2 120
0.00 1023 255 20 0.00 0.00 255 -2 118
0.00 1023 255 20 0.00 0.00 255 -2 116
0.00 1023 255 20 0.00 0.00 255 -2 114
0.00 1022 255 20 0.00 0.00 255 -2 112
0.00 1023 255 20 0.00 0.00 255 -2 110
0.00 1023 255 20 0.00 0.00 255 -2 108
0.00 1023 255 20 0.00 0.00 255 -2 106
0.00 1023 255 20 0.00 0.00 255 -2 104
0.00 1023 255 20 0.00 0.00 255 -2 102
0.00 1023 255 20 512.00 0.00 255 -2 100
0.00 1023 255 20 0.00 0.00 255 -2 98
0.00 1023 255 20 0.00 0.00 255 -2 96
0.00 1023 255 20 0.00 0.00 255 -2 94
0.00 1023 255 20 0.00 0.00 255 -2 92
0.00 1023 255 20 0.00 0.00 255 -2 90
0.00 1023 255 20 0.00 0.00 255 -2 88
0.00 1023 255 20 0.00 0.00 255 -2 86
0.00 1023 255 20 0.00 0.00 255 -2 84
0.00 1023 255 20 0.00 0.00 255 -2 82
0.00 1023 255 20 0.00 0.00 255 -2 80
0.00 1023 255 20 0.00 0.00 255 -2 78
0.00 1023 255 20 0.00 0.00 255 -2 76
0.00 1023 255 20 0.00 0.00 255 -2 74
0.00 1023 255 20 0.00 0.00 255 -2 72
0.00 1023 255 20 0.00 0.00 255 -2 70
0.00 1023 255 20 0.00 0.00 255 -2 68
0.00 1023 255 20 0.00 0.00 255 -2 66
0.00 1023 255 20 0.00 0.00 255 -2 64
0.00 1023 255 20 0.00 0.00 255 -2 62
0.00 1023 255 20 0.00 0.00 255 -2 60
0.00 1023 255 20 0.00 0.00 255 -2 58
0.00 1023 255 20 0.00 0.00 255 -2 56
0.00 1023 255 20 0.00 0.00 255 -2 54
0.00 1023 255 20 0.00 0.00 255 -2 52
0.00 1023 255 20 0.00 0.00 255 -2 50
0.00 1023 255 20 0.00 0.00 255 -2 48
0.00 1023 255 20 0.00 0.00 255 -2 46
0.00 1023 255 20 0.00 0.00 255 -2 44
0.00 1023 255 20 0.00 0.00 255 -2 42
0.00 1023 255 20 0.00 0.00 255 -2 40
0.00 1023 255 20 0.00 0.00 255 -2 38
0.00 1023 255 20 0.00 0.00 255 -2 36
0.00 1023 255 20 0.00 0.00 255 -2 34
0.00 1023 255 20 0.00 0.00 255 -2 32
0.00 1023 255 20 0.00 0.00 255 -2 30
0.00 1023 255 20 0.00 0.00 255 -2 28
0.00 1023 255 20 0.00 0.00 255 -2 26
0.00 1023 255 20 0.00 0.00 255 -2 24
0.00 1023 255 20 0.00 0.00 255 -2 22
0.00 1023 255 20 0.00 0.00 255 -2 20
0.00 1023 255 20 0.00 0.00 255 -2 18
0.00 1023 255 20 0.00 0.00 255 -2 16
0.00 1023 255 20 0.00 0.00 255 -2 14
0.00 1023 255 20 0.00 0.00 255 -2 12
0.00 1023 255 20 0.00 0.00 255 -2 10
0.00 1023 255 20 0.00 0.00 255 -2 8
0.00 1023 255 20 0.00 0.00 255 -2 6
0.00 1023 255 20 0.00 0.00 255 -2 4
0.00 1023 255 20 0.00 0.00 255 -2 2
0.00 1023 255 20 0.00 0.00 255 -2 0
0.00 1023 255 20 0.00 0.00 255 -2 0
0.00 1023 255 20 0.00 0.00 255 -2 0
0.00 1023 255 20 0.00 0.00 255 -2 0
0.00 1023 255 20 0.00 0.00 255 -2 0
0.00 1023 255 20 0.00 0.00 255 -2 0
0.00 1023 255 20 0.00 0.00 255 -2 0
0.00 1023 255 20 0.00 0.00 255 -2 0
0.00 1023 255 20 0.00 0.00 255 -2 0
0.00 1023 255 20 0.00 0.00 255 -2 0
0.00 1023 255 20 0.00 0.00 255 -2 0
0.00 1023 255 20 0.00 0.00 255 -2 0
0.00 1023 255 20 0.00 0.00 255 -2 0
0.00 979 244 20 0.00 0.00 244 -2 0
0.00 865 216 20 0.00 0.00 216 -2 0
0.00 705 176 20 0.00 0.00 176 -1 0
0.00 485 121 20 0.00 0.00 121 -1 0
0.00 260 65 20 0.00 0.00 65 0 0
0.00 72 18 20 0.00 0.00 18 0 0
0.00 0 0 20 0.00 0.00 0 0 0
0.00 0 0 20 0.00 0.00 0 0 0
0.00 0 0 20 0.00 0.00 0 0 0
0.00 0 0 20 0.00 0.00 0 0 0
0.00 0 0 20 0.00 0.00 0 0 0
0.00 0 0 20 0.00 0.00 0 0 0
